##FastQC	0.10.1
>>Basic Statistics	pass
#Measure	Value	
Filename	Z38_CTTGTA_L002_R2_001.fastq.gz	
File type	Conventional base calls	
Encoding	Sanger / Illumina 1.9	
Total Sequences	83967526	
Filtered Sequences	0	
Sequence length	100	
%GC	40	
>>END_MODULE
>>Per base sequence quality	pass
#Base	Mean	Median	Lower Quartile	Upper Quartile	10th Percentile	90th Percentile
1	31.236796580144567	31.0	31.0	34.0	28.0	34.0
2	31.433024333716823	34.0	31.0	34.0	28.0	34.0
3	31.44057032238868	34.0	31.0	34.0	28.0	34.0
4	34.90388240091771	37.0	35.0	37.0	32.0	37.0
5	34.86039500556441	37.0	35.0	37.0	32.0	37.0
6	34.90163472245211	37.0	35.0	37.0	32.0	37.0
7	34.88209460881341	37.0	35.0	37.0	32.0	37.0
8	34.88585245443578	37.0	35.0	37.0	32.0	37.0
9	36.46036117581933	39.0	37.0	39.0	32.0	39.0
10-14	36.69698712809521	39.2	37.2	39.4	32.0	39.4
15-19	37.66700309355309	40.0	38.0	41.0	32.0	41.0
20-24	37.5932544755457	40.0	38.0	41.0	32.0	41.0
25-29	37.47733121969081	40.0	38.0	41.0	32.0	41.0
30-34	37.32839585627424	40.0	37.8	41.0	31.4	41.0
35-39	37.148861723042785	40.0	37.0	41.0	31.0	41.0
40-44	36.91594630524187	40.0	37.0	41.0	30.0	41.0
45-49	36.660934216401714	40.0	36.6	41.0	30.0	41.0
50-54	36.383210730777044	40.0	36.0	41.0	29.6	41.0
55-59	35.97643336067803	39.0	35.4	41.0	28.4	41.0
60-64	35.55380898324907	39.0	34.8	40.4	28.0	41.0
65-69	34.98504354409585	38.0	34.0	40.0	27.0	41.0
70-74	34.2693966808073	36.8	34.0	39.6	26.0	41.0
75-79	33.390786659595044	35.8	33.0	38.8	25.8	40.2
80-84	32.57557677952784	35.0	32.8	37.0	25.0	39.0
85-89	31.85842202138955	35.0	32.2	36.0	24.2	37.6
90-94	31.21326380629578	35.0	32.0	35.2	21.8	36.4
95-99	30.63431126933524	35.0	32.0	35.0	15.4	36.0
100	30.284822884980557	35.0	32.0	35.0	2.0	36.0
>>END_MODULE
>>Per sequence quality scores	pass
#Quality	Count
2	1199408.0
3	155313.0
4	119784.0
5	105379.0
6	107542.0
7	110308.0
8	115279.0
9	132801.0
10	150947.0
11	166856.0
12	179525.0
13	191001.0
14	199856.0
15	208415.0
16	217852.0
17	225829.0
18	233980.0
19	243448.0
20	251346.0
21	267008.0
22	292066.0
23	336592.0
24	403260.0
25	493830.0
26	613431.0
27	774889.0
28	944386.0
29	1136045.0
30	1406608.0
31	1760408.0
32	2240799.0
33	2917804.0
34	3916594.0
35	5466990.0
36	8359458.0
37	1.4493878E7
38	2.2730901E7
39	1.0962696E7
40	135014.0
>>END_MODULE
>>Per base sequence content	warn
#Base	G	A	T	C
1	17.731743344236193	31.577780111705266	30.743774780211723	19.946701763846818
2	20.54591402406376	32.28618703355789	29.215596582508834	17.952302359869517
3	20.54219041330533	31.04192367397825	29.2728502018514	19.143035710865018
4	20.695042719001474	29.481843978489685	29.48088003453878	20.34223326797006
5	20.65952763068249	29.676962174980808	29.821435497440234	19.842074696896468
6	20.713077101297902	29.900037532719008	28.966318513028543	20.420566852954547
7	20.79957377592042	30.01847438017628	29.411970457670506	19.7699813862328
8	20.145143760057753	30.281969342779885	29.568282736448754	20.00460416071361
9	20.186949116504245	29.872263570599323	29.919798863573472	20.020988449322964
10-14	20.107461781713212	30.207911741597716	29.726588654760622	19.958037821928453
15-19	20.081604246029922	30.038948152639783	29.86242550383788	20.01702209749242
20-24	20.2491038756824	29.861640539180677	29.720099821216127	20.16915576392079
25-29	20.333768246432026	29.873885893645614	29.54242936922371	20.249916490698652
30-34	20.470441628610406	29.765980068702223	29.49423334154393	20.269344961143442
35-39	20.43998734910527	29.749612116185766	29.478761422537996	20.33163911217097
40-44	20.56147573563642	29.713698772722402	29.4277006569704	20.297124834670775
45-49	20.52361645258471	29.679309942849674	29.409825403630858	20.387248200934756
50-54	20.483140230513705	29.72478633072128	29.44265785697175	20.349415581793263
55-59	20.48170506817329	29.751429527927282	29.432225433652036	20.334639970247387
60-64	20.431215739026975	29.79545748243884	29.380020433360833	20.39330634517335
65-69	20.450655326159747	29.781507334437872	29.355881608200917	20.411955731201463
70-74	20.51536688881312	29.752870881862627	29.3367312986046	20.395030930719653
75-79	20.518349485666036	29.731652913886524	29.355465741809688	20.394531858637748
80-84	20.54477119222979	29.76392052230298	29.352996735010727	20.33831155045651
85-89	20.51401310622925	29.73642157550136	29.36842189185014	20.381143426419253
90-94	20.501083423992984	29.718073423119833	29.36754271023799	20.41330044264919
95-99	20.535879005744352	29.73738623667243	29.32576570133319	20.400969056250027
100	20.575515534732936	29.70714068487376	29.3085699807551	20.408773799638205
>>END_MODULE
>>Per base GC content	pass
#Base	%GC
1	37.67844510808301
2	38.498216383933276
3	39.68522612417035
4	41.03727598697154
5	40.50160232757896
6	41.13364395425245
7	40.569555162153215
8	40.14974792077136
9	40.20793756582721
10-14	40.06549960364166
15-19	40.09862634352234
20-24	40.41825963960319
25-29	40.583684737130675
30-34	40.73978658975385
35-39	40.77162646127624
40-44	40.858600570307196
45-49	40.91086465351947
50-54	40.83255581230697
55-59	40.81634503842068
60-64	40.824522084200325
65-69	40.86261105736121
70-74	40.910397819532776
75-79	40.912881344303784
80-84	40.8830827426863
85-89	40.8951565326485
90-94	40.914383866642176
95-99	40.93684806199438
100	40.98428933437114
>>END_MODULE
>>Per sequence GC content	warn
#GC Content	Count
0	26936.0
1	16262.0
2	5383.5
3	5647.0
4	6256.5
5	6475.5
6	7035.5
7	7823.5
8	8706.0
9	9937.5
10	11584.5
11	13622.0
12	16378.0
13	20556.0
14	26748.0
15	36594.5
16	52625.5
17	77994.5
18	116132.5
19	171361.0
20	248153.5
21	349291.5
22	474951.5
23	624827.5
24	800249.5
25	1001094.0
26	1219712.5
27	1449745.0
28	1689581.5
29	1929962.5
30	2162005.5
31	2386070.5
32	2602895.0
33	2803518.5
34	2990564.5
35	3166132.5
36	3318498.0
37	3424247.5
38	3458529.0
39	3425950.0
40	3333075.0
41	3181124.0
42	2991567.0
43	2790451.5
44	2599084.0
45	2436593.0
46	2303061.5
47	2193799.0
48	2098458.0
49	1999667.0
50	1889675.0
51	1763325.5
52	1628000.0
53	1499158.0
54	1383403.0
55	1280463.5
56	1183159.0
57	1081894.5
58	972507.0
59	855429.5
60	734686.5
61	618692.0
62	515431.0
63	428223.0
64	355385.0
65	294627.0
66	243737.5
67	200420.0
68	164046.5
69	133788.5
70	108393.0
71	87762.5
72	71776.5
73	59057.0
74	49440.5
75	42050.0
76	35914.0
77	31300.5
78	27876.5
79	24650.5
80	21307.0
81	18331.5
82	15814.0
83	13543.5
84	11383.5
85	9338.5
86	7286.5
87	5627.0
88	4439.5
89	3363.5
90	2472.5
91	1855.0
92	1406.0
93	1027.5
94	756.5
95	580.0
96	416.5
97	270.0
98	184.5
99	138.5
100	161.5
>>END_MODULE
>>Per base N content	pass
#Base	N-Count
1	0.15688326937249528
2	0.15412625114142342
3	0.1537737339075585
4	0.172953767864972
5	0.17613833233576515
6	0.042187738150103404
7	0.03403696805357824
8	0.031035807819322914
9	0.048126938978766624
10-14	0.04064976262370765
15-19	0.048374177417112425
20-24	0.051022344042862475
25-29	0.05233023061796532
30-34	0.05075128687249878
35-39	0.05048951900762207
40-44	0.045281791439228544
45-49	0.05104330452703823
50-54	0.04495618937254386
55-59	0.037675517556632544
60-64	0.043290783629852336
65-69	0.04213700425090528
70-74	0.050401151511835655
75-79	0.04193478321607332
80-84	0.03394883874511201
85-89	0.035478954089941867
90-94	0.044224716112274166
95-99	0.05080035346045565
100	0.03136212444796813
>>END_MODULE
>>Sequence Length Distribution	pass
#Length	Count
100	8.3967526E7
>>END_MODULE
>>Sequence Duplication Levels	pass
#Total Duplicate Percentage	6.7966835219359805
#Duplication Level	Relative count
1	100.0
2	2.6007273038877017
3	0.46326794025182494
4	0.2940278603447999
5	0.22440377683874527
6	0.17031121965327206
7	0.17673805813075402
8	0.18048704724261852
9	0.16816894016077807
10++	2.835842478188917
>>END_MODULE
>>Overrepresented sequences	pass
>>END_MODULE
>>Kmer Content	warn
#Sequence	Count	Obs/Exp Overall	Obs/Exp Max	Max Obs/Exp Position
CCCAG	14268985	3.4990804	3.813434	25-29
CTGGG	14215200	3.4750118	3.6176825	4
GGAGG	13155925	3.150345	3.42534	3
CCTCC	12481230	3.1245308	3.4340832	70-74
CCAGG	12830545	3.1215088	3.3640525	25-29
CCTGG	12538120	3.089421	3.2990344	3
GGGGG	8730560	3.057853	4.095447	75-79
AAAAA	57496075	3.0083191	3.785286	1
>>END_MODULE
