##FastQC	0.10.1
>>Basic Statistics	pass
#Measure	Value	
Filename	Z38_CTTGTA_L002_R1_001.fastq.gz	
File type	Conventional base calls	
Encoding	Sanger / Illumina 1.9	
Total Sequences	83967526	
Filtered Sequences	0	
Sequence length	100	
%GC	40	
>>END_MODULE
>>Per base sequence quality	pass
#Base	Mean	Median	Lower Quartile	Upper Quartile	10th Percentile	90th Percentile
1	32.245480318188726	33.0	31.0	34.0	30.0	34.0
2	32.454902410724834	34.0	31.0	34.0	31.0	34.0
3	32.50499422836395	34.0	31.0	34.0	31.0	34.0
4	36.0387963199011	37.0	35.0	37.0	35.0	37.0
5	35.862153483002466	37.0	35.0	37.0	35.0	37.0
6	35.85476879478383	37.0	35.0	37.0	35.0	37.0
7	35.86053257065118	37.0	35.0	37.0	35.0	37.0
8	35.85614636305945	37.0	35.0	37.0	35.0	37.0
9	37.55055250764444	39.0	37.0	39.0	35.0	39.0
10-14	37.802300379792065	39.2	37.2	39.4	35.0	39.4
15-19	38.88041302538794	40.0	38.0	41.0	35.0	41.0
20-24	38.86009048783931	40.0	38.0	41.0	34.6	41.0
25-29	38.69604579036901	40.0	38.0	41.0	34.0	41.0
30-34	38.533170087683665	40.0	38.0	41.0	34.0	41.0
35-39	38.38974199859122	40.0	38.0	41.0	34.0	41.0
40-44	38.22171177462106	40.0	38.0	41.0	33.2	41.0
45-49	38.05354575053218	40.0	38.0	41.0	33.0	41.0
50-54	37.85211728877185	40.0	37.0	41.0	33.0	41.0
55-59	37.55268762831002	40.0	36.8	41.0	32.2	41.0
60-64	37.1233510631241	39.2	35.8	41.0	31.2	41.0
65-69	36.58024384808003	38.6	35.0	40.4	31.0	41.0
70-74	35.85048510539658	37.4	34.8	39.8	30.0	41.0
75-79	34.97871432820351	36.2	34.0	39.0	29.4	40.4
80-84	34.066592970715845	35.2	34.0	37.2	29.0	39.0
85-89	33.26738498642916	35.0	33.2	36.2	29.0	37.6
90-94	32.83685140133818	35.0	33.0	35.4	29.0	36.6
95-99	32.32172600154969	35.0	33.0	35.0	28.6	36.0
100	32.03054921494293	35.0	33.0	35.0	27.0	36.0
>>END_MODULE
>>Per sequence quality scores	pass
#Quality	Count
2	456.0
3	286.0
4	582.0
5	1025.0
6	2706.0
7	7711.0
8	18068.0
9	30350.0
10	42530.0
11	53307.0
12	60499.0
13	67481.0
14	74463.0
15	81897.0
16	90423.0
17	99868.0
18	110714.0
19	124750.0
20	140945.0
21	162381.0
22	189836.0
23	226836.0
24	281556.0
25	364194.0
26	479448.0
27	637005.0
28	846363.0
29	1083133.0
30	1387333.0
31	1756548.0
32	2225780.0
33	2855201.0
34	3784136.0
35	5256993.0
36	8106675.0
37	1.4900431E7
38	2.5238987E7
39	1.2982553E7
40	194076.0
>>END_MODULE
>>Per base sequence content	warn
#Base	G	A	T	C
1	18.1433687843164	31.365632870864285	30.19318254894538	20.297815795873937
2	20.122072905874155	31.75465091121178	29.79940908707589	18.323867095838178
3	20.152054693290488	30.69595367379066	29.859781482414167	19.292210150504683
4	20.47540497977754	29.48438423682984	29.787506184236033	20.252704599156583
5	20.547827008838233	29.629404594305207	30.0607996944173	19.761968702439262
6	20.50211411492581	29.876339336233393	29.316689644994426	20.304856903846375
7	20.52429650005408	30.09064480475464	29.656559132157827	19.728499563033452
8	20.024531864854513	30.154408741303158	29.78458719862724	20.036472195215087
9	20.03218839626167	29.76850955451516	30.126035867723434	20.07326618149974
10-14	19.89428722718352	30.143691979206345	29.934573992331277	20.027446801278867
15-19	19.875560007488914	29.97073196860341	30.09101734450371	20.06269067940396
20-24	20.015146151818886	29.81416250132724	29.97646774309976	20.194223603754118
25-29	20.174293713963063	29.753490418132934	29.80852805863645	20.26368780926755
30-34	20.2709405780263	29.69631155832861	29.747185111119627	20.28556275252546
35-39	20.324967546343505	29.672742492822874	29.75826493169033	20.24402502914329
40-44	20.32275654157871	29.660010955122917	29.712833351801958	20.304399151496412
45-49	20.36971157097398	29.61707386982897	29.706411255061788	20.30680330413526
50-54	20.337405061281	29.604309481443885	29.67642803455275	20.38185742272237
55-59	20.370699869134608	29.581190660334716	29.707247736675697	20.340861733854975
60-64	20.34659127872786	29.59445152351721	29.66962463323946	20.38933256451547
65-69	20.33636075375569	29.6853165554183	29.601134248032203	20.377188442793805
70-74	20.377366509838815	29.682158288304162	29.57603583253866	20.36443936931837
75-79	20.390373443112093	29.61633331640377	29.610662790831753	20.382630449652382
80-84	20.416199520791405	29.62814107355775	29.59805396576304	20.35760543988781
85-89	20.39213125433638	29.60785159617485	29.595019729391165	20.4049974200976
90-94	20.367191883057494	29.585135147553064	29.611285265531812	20.436387703857626
95-99	20.3972674576476	29.60511656278341	29.56440171450727	20.433214265061714
100	20.417458768524394	29.577897769668716	29.550252558352142	20.454390903454748
>>END_MODULE
>>Per base GC content	pass
#Base	%GC
1	38.44118458019034
2	38.44594000171233
3	39.444264843795175
4	40.728109578934124
5	40.30979571127749
6	40.80697101877219
7	40.25279606308753
8	40.06100406006961
9	40.10545457776141
10-14	39.92173402846239
15-19	39.93825068689287
20-24	40.209369755573
25-29	40.43798152323062
30-34	40.55650333055176
35-39	40.568992575486796
40-44	40.62715569307512
45-49	40.67651487510924
50-54	40.71926248400337
55-59	40.71156160298958
60-64	40.735923843243334
65-69	40.7135491965495
70-74	40.741805879157184
75-79	40.77300389276448
80-84	40.773804960679215
85-89	40.79712867443398
90-94	40.80357958691512
95-99	40.83048172270931
100	40.87184967197914
>>END_MODULE
>>Per sequence GC content	warn
#GC Content	Count
0	4865.0
1	3980.0
2	3264.5
3	4004.0
4	4757.5
5	4971.0
6	5406.5
7	6019.5
8	6717.0
9	7755.5
10	9027.0
11	10912.0
12	13872.5
13	17870.0
14	23741.5
15	33758.0
16	49828.0
17	75198.5
18	113815.0
19	169919.5
20	248373.5
21	350972.5
22	478686.0
23	631252.5
24	808553.0
25	1012430.0
26	1234174.5
27	1469958.5
28	1713233.0
29	1953496.5
30	2189809.5
31	2415906.0
32	2631841.5
33	2836436.5
34	3025684.5
35	3200452.0
36	3352122.5
37	3456069.5
38	3490997.0
39	3456827.5
40	3360120.5
41	3207933.0
42	3018517.0
43	2811466.0
44	2611992.5
45	2440075.0
46	2298580.0
47	2184333.0
48	2084810.5
49	1984332.0
50	1869395.5
51	1739787.0
52	1604168.5
53	1473399.5
54	1355778.5
55	1251253.5
56	1154695.5
57	1055969.0
58	949520.0
59	833964.5
60	714305.0
61	600478.0
62	499706.5
63	414246.5
64	342976.5
65	283303.5
66	233630.5
67	192468.0
68	156807.0
69	126570.5
70	101521.0
71	81287.5
72	65689.5
73	53966.5
74	44651.0
75	37293.0
76	32211.5
77	28325.0
78	25149.0
79	22140.5
80	19053.0
81	16372.5
82	14012.0
83	11700.5
84	9561.5
85	7566.0
86	5500.0
87	3868.5
88	2662.0
89	1858.0
90	1345.5
91	949.5
92	645.5
93	414.5
94	262.5
95	166.5
96	108.5
97	59.5
98	38.0
99	25.0
100	11.5
>>END_MODULE
>>Per base N content	pass
#Base	N-Count
1	0.013258697177763698
2	1.941226659458801E-4
3	4.4183747893203383E-4
4	0.0
5	0.05543214408865637
6	0.0
7	0.0
8	0.0
9	0.0
10-14	0.0
15-19	2.517639974291966E-4
20-24	7.050344677298222E-5
25-29	0.0016122899702916101
30-34	0.0038946008722467304
35-39	0.001219995453956807
40-44	0.004192811397110831
45-49	0.006654953725801091
50-54	9.327415458209404E-4
55-59	5.747460035919125E-4
60-64	7.145619605369818E-7
65-69	1.1909366008949698E-6
70-74	7.145619605369818E-7
75-79	7.145619605369818E-7
80-84	2.3818732017899398E-7
85-89	1.0003867447517746E-5
90-94	3.2393475544343175E-5
95-99	1.4862888779169223E-4
100	0.0
>>END_MODULE
>>Sequence Length Distribution	pass
#Length	Count
100	8.3967526E7
>>END_MODULE
>>Sequence Duplication Levels	pass
#Total Duplicate Percentage	7.082205236364358
#Duplication Level	Relative count
1	100.0
2	2.680904724853103
3	0.4754366665772316
4	0.29245257707064476
5	0.22054680582758712
6	0.198009176034987
7	0.1738617155429154
8	0.16205629041345818
9	0.17064205414397252
10++	2.9481366209653617
>>END_MODULE
>>Overrepresented sequences	warn
#Sequence	Count	Percentage	Possible Source
GATCGGAAGAGCACACGTCTGAACTCCAGTCACCTTGTAATCTCGTATGC	85818	0.10220379721560453	TruSeq Adapter, Index 12 (100% over 50bp)
>>END_MODULE
>>Kmer Content	warn
#Sequence	Count	Obs/Exp Overall	Obs/Exp Max	Max Obs/Exp Position
CCCAG	14212270	3.5162592	3.7852252	25-29
CTGGG	14007625	3.4700768	3.6059687	80-84
CCAGG	12804530	3.1688838	3.3770962	25-29
CCTCC	12544235	3.104866	3.390198	70-74
GGAGG	12489870	3.0927956	3.261907	70-74
CCTGG	12399100	3.0707142	3.2113805	70-74
>>END_MODULE
