##FastQC	0.10.1
>>Basic Statistics	pass
#Measure	Value	
Filename	TOV-112D_GCCAAT_L002_R1_001.fastq.gz	
File type	Conventional base calls	
Encoding	Sanger / Illumina 1.9	
Total Sequences	73451337	
Filtered Sequences	0	
Sequence length	100	
%GC	40	
>>END_MODULE
>>Per base sequence quality	pass
#Base	Mean	Median	Lower Quartile	Upper Quartile	10th Percentile	90th Percentile
1	32.199586305692435	33.0	31.0	34.0	30.0	34.0
2	32.40953360726436	34.0	31.0	34.0	30.0	34.0
3	32.461296940040725	34.0	31.0	34.0	31.0	34.0
4	36.00627362303834	37.0	35.0	37.0	35.0	37.0
5	35.82723441780236	37.0	35.0	37.0	35.0	37.0
6	35.818220749337755	37.0	35.0	37.0	35.0	37.0
7	35.82433025010831	37.0	35.0	37.0	35.0	37.0
8	35.822788794164495	37.0	35.0	37.0	35.0	37.0
9	37.50477805461867	39.0	37.0	39.0	35.0	39.0
10-14	37.7554682115589	39.2	37.2	39.4	34.6	39.4
15-19	38.82481497375603	40.0	38.0	41.0	35.0	41.0
20-24	38.80412729587209	40.0	38.0	41.0	34.0	41.0
25-29	38.6298688504472	40.0	38.0	41.0	34.0	41.0
30-34	38.457093759913455	40.0	38.0	41.0	34.0	41.0
35-39	38.30751584549101	40.0	38.0	41.0	34.0	41.0
40-44	38.12186248971887	40.0	38.0	41.0	33.0	41.0
45-49	37.946429971724	40.0	37.6	41.0	33.0	41.0
50-54	37.732628790678106	40.0	37.0	41.0	32.6	41.0
55-59	37.423198973219506	40.0	36.6	41.0	31.8	41.0
60-64	36.97966227626326	39.0	35.6	41.0	31.0	41.0
65-69	36.42127722467462	38.4	35.0	40.2	30.8	41.0
70-74	35.64457411033921	37.2	34.4	39.8	29.8	41.0
75-79	34.738840203820935	36.0	34.0	38.8	29.0	40.4
80-84	33.83493755600392	35.0	33.8	37.0	29.0	39.0
85-89	33.044087227438766	35.0	33.0	36.0	27.8	37.6
90-94	32.62189373353409	35.0	33.0	35.4	28.2	36.4
95-99	32.10305462513228	35.0	33.0	35.0	27.0	36.0
100	31.806594480370045	35.0	33.0	35.0	26.0	36.0
>>END_MODULE
>>Per sequence quality scores	pass
#Quality	Count
2	390.0
3	218.0
4	530.0
5	961.0
6	2664.0
7	7708.0
8	18402.0
9	31000.0
10	42519.0
11	52654.0
12	59997.0
13	66307.0
14	72164.0
15	78675.0
16	86443.0
17	94987.0
18	106720.0
19	121371.0
20	138343.0
21	159796.0
22	186597.0
23	223592.0
24	275538.0
25	352924.0
26	462503.0
27	612084.0
28	810284.0
29	975943.0
30	1249271.0
31	1583213.0
32	2002281.0
33	2566610.0
34	3406633.0
35	4716175.0
36	7257925.0
37	1.3221721E7
38	2.162282E7
39	1.0629171E7
40	154203.0
>>END_MODULE
>>Per base sequence content	warn
#Base	G	A	T	C
1	18.440936250050292	31.06738875411457	30.647875073161767	19.843799922673362
2	19.901673742931088	32.062294598273596	29.910287082642533	18.125744576152783
3	20.02383193719199	30.75874811588719	30.229101255726675	18.98831869119414
4	20.495719499292438	29.521714492412848	29.70999425102364	20.272571757271077
5	20.886112693974297	29.56266171222316	29.910199621660283	19.641025972142263
6	20.837481828274957	29.835753704524127	29.155977106311898	20.17078736088902
7	20.49794137852113	30.342594036103115	29.50741659066056	19.652047994715193
8	20.091895672368768	30.400799920088588	29.5609799451302	19.94632446241244
9	20.37792450258598	29.708237986192138	29.90264833436592	20.011189176855964
10-14	19.942977484535103	30.153047316211552	29.816765894948922	20.087209304304427
15-19	19.940085076136793	29.871119374865057	30.02613614662447	20.162659402373677
20-24	20.100573326941433	29.74912787093007	29.88524884057847	20.265049961550023
25-29	20.297599547347893	29.595183364296606	29.685953512959063	20.421263575396438
30-34	20.450177968275042	29.51872388478818	29.595496392640282	20.435601754296503
35-39	20.395171489038884	29.569481674471128	29.55396590214751	20.48138093434248
40-44	20.424357895887844	29.45705054520225	29.61463256080788	20.503958998102025
45-49	20.606350862617752	29.401523177444965	29.589917128859877	20.402208831077402
50-54	20.510862833932162	29.320008954254945	29.493615001498586	20.67551321031431
55-59	20.546018525256958	29.295400347174404	29.63932768506113	20.519253442507512
60-64	20.527075553511235	29.373975124166833	29.534612363923646	20.564336958398286
65-69	20.45315216347786	29.720229569573902	29.322970357827284	20.503647909120957
70-74	20.50254148676025	29.690880452430378	29.303399962082104	20.503178098727265
75-79	20.584244456535835	29.47923417082779	29.375899631353477	20.5606217412829
80-84	20.634058494085842	29.45766318578425	29.372539615916153	20.535738704213756
85-89	20.61062257143608	29.428728111526368	29.36373677644775	20.596912540589805
90-94	20.58069579004365	29.39370916020907	29.38951808466388	20.6360769650834
95-99	20.61270299233194	29.407607629372233	29.336188260163315	20.64350111813251
100	20.633454228341684	29.38571016072859	29.327912710424865	20.652922900504862
>>END_MODULE
>>Per base GC content	pass
#Base	%GC
1	38.28473617272366
2	38.027418319083864
3	39.01215062838613
4	40.76829125656351
5	40.52713866611656
6	41.008269189163975
7	40.14998937323632
8	40.03822013478121
9	40.38911367944194
10-14	40.03018678883953
15-19	40.10274447851047
20-24	40.365623288491456
25-29	40.71886312274433
30-34	40.88577972257154
35-39	40.87655242338136
40-44	40.928316893989866
45-49	41.008559693695155
50-54	41.18637604424647
55-59	41.06527196776447
60-64	41.09141251190952
65-69	40.95680007259882
70-74	41.00571958548752
75-79	41.14486619781874
80-84	41.1697971982996
85-89	41.20753511202588
90-94	41.216772755127046
95-99	41.25620411046445
100	41.286377128846546
>>END_MODULE
>>Per sequence GC content	warn
#GC Content	Count
0	4452.0
1	3671.0
2	3067.0
3	3717.5
4	4254.5
5	4383.5
6	4864.0
7	5526.5
8	6123.5
9	7114.0
10	8400.0
11	10076.0
12	12558.0
13	15964.0
14	21030.5
15	29611.0
16	43764.5
17	65811.5
18	99233.5
19	147900.5
20	215479.0
21	303979.5
22	412242.0
23	541135.0
24	691283.5
25	863131.0
26	1051941.5
27	1252498.0
28	1459440.5
29	1666365.5
30	1869432.5
31	2062246.5
32	2246476.0
33	2421473.0
34	2583897.0
35	2734409.5
36	2866237.0
37	2959376.5
38	2993416.5
39	2971334.5
40	2897466.0
41	2774386.5
42	2618857.0
43	2450815.0
44	2290103.5
45	2149560.0
46	2033066.5
47	1939075.5
48	1855637.5
49	1770681.0
50	1674909.0
51	1562942.0
52	1444023.0
53	1331501.0
54	1231373.0
55	1141907.5
56	1058623.5
57	973261.0
58	878436.5
59	775438.0
60	667769.5
61	563294.5
62	470702.0
63	391464.0
64	325382.0
65	270075.5
66	223493.5
67	183585.5
68	149718.0
69	121494.5
70	98073.5
71	78615.5
72	63213.0
73	51438.0
74	42479.5
75	35977.0
76	31018.0
77	27332.0
78	24426.0
79	21449.5
80	18485.0
81	15913.5
82	13531.0
83	11379.5
84	9208.5
85	7128.0
86	5309.0
87	3829.5
88	2669.0
89	1836.5
90	1279.5
91	874.5
92	608.0
93	412.5
94	267.5
95	179.0
96	121.5
97	68.5
98	39.0
99	23.5
100	13.0
>>END_MODULE
>>Per base N content	pass
#Base	N-Count
1	0.013113444075224936
2	2.0830117768993095E-4
3	4.370240394671101E-4
4	0.0
5	0.05454631819703977
6	0.0
7	0.0
8	0.0
9	0.0
10-14	0.0
15-19	2.5595177389350996E-4
20-24	7.215661710827674E-5
25-29	0.001631556414010544
30-34	0.003960717556441484
35-39	0.0012479010422914425
40-44	0.004231100653756649
45-49	0.00670348587391949
50-54	9.1189626677592E-4
55-59	5.652722155350283E-4
60-64	2.7228912116330843E-7
65-69	8.168673634899254E-7
70-74	2.7228912116330843E-7
75-79	1.0891564846532337E-6
80-84	2.7228912116330843E-7
85-89	9.530119240715795E-6
90-94	3.321927278192363E-5
95-99	1.5547708818424913E-4
100	0.0
>>END_MODULE
>>Sequence Length Distribution	pass
#Length	Count
100	7.3451337E7
>>END_MODULE
>>Sequence Duplication Levels	pass
#Total Duplicate Percentage	6.985288634115053
#Duplication Level	Relative count
1	100.0
2	2.5683238279517018
3	0.4815941246585813
4	0.2848941936104593
5	0.24106431767038863
6	0.2031140592344738
7	0.1838716746754184
8	0.1475249482860915
9	0.13148962782021198
10++	2.6602596652894106
>>END_MODULE
>>Overrepresented sequences	warn
#Sequence	Count	Percentage	Possible Source
GATCGGAAGAGCACACGTCTGAACTCCAGTCACGCCAATATCTCGTATGC	280244	0.38153696235645107	TruSeq Adapter, Index 6 (100% over 50bp)
>>END_MODULE
>>Kmer Content	warn
#Sequence	Count	Obs/Exp Overall	Obs/Exp Max	Max Obs/Exp Position
CCCAG	12880040	3.5609558	3.881	25-29
CTGGG	12570095	3.4768608	3.6643827	85-89
CCAGG	11635465	3.2154002	3.5331767	25-29
CCTCC	11284940	3.1256626	3.5373058	70-74
GGAGG	11291865	3.1176033	3.3486085	70-74
CCTGG	11101390	3.0720208	3.2547092	70-74
GGAAG	10505530	1.998538	7.878421	5
AAGAG	11513395	1.509166	5.509072	7
GAAGA	11491570	1.5063051	5.5887837	6
AGAGC	7481900	1.4239815	7.2245665	8
GAGCA	7230785	1.3761883	7.17204	9
CGGAA	1738965	0.33096594	6.238084	4
GATCG	1317120	0.25102285	6.1494703	1
TCGGA	1249340	0.23810504	6.1557884	3
ATCGG	1088455	0.20744283	6.138871	2
>>END_MODULE
