##FastQC	0.10.1
>>Basic Statistics	pass
#Measure	Value	
Filename	TOV-112D_GCCAAT_L002_R2_001.fastq.gz	
File type	Conventional base calls	
Encoding	Sanger / Illumina 1.9	
Total Sequences	73451337	
Filtered Sequences	0	
Sequence length	100	
%GC	40	
>>END_MODULE
>>Per base sequence quality	pass
#Base	Mean	Median	Lower Quartile	Upper Quartile	10th Percentile	90th Percentile
1	30.80863015468323	31.0	31.0	34.0	27.0	34.0
2	31.037460543434356	33.0	31.0	34.0	27.0	34.0
3	31.066527761094395	33.0	31.0	34.0	27.0	34.0
4	34.50971570469847	37.0	35.0	37.0	32.0	37.0
5	34.485921243339654	37.0	35.0	37.0	32.0	37.0
6	34.52405984114353	37.0	35.0	37.0	32.0	37.0
7	34.51614615265615	37.0	35.0	37.0	32.0	37.0
8	34.516431865630985	37.0	35.0	37.0	32.0	37.0
9	36.012138308660056	39.0	37.0	39.0	31.0	39.0
10-14	36.23480077973257	39.2	37.0	39.4	31.0	39.4
15-19	37.147997112700615	40.0	37.0	41.0	31.0	41.0
20-24	37.065663191399764	40.0	37.0	41.0	31.0	41.0
25-29	36.91568519984871	40.0	37.0	41.0	30.2	41.0
30-34	36.743821629822754	40.0	37.0	41.0	30.0	41.0
35-39	36.56191450674343	40.0	37.0	41.0	30.0	41.0
40-44	36.31688867964378	40.0	36.0	41.0	29.4	41.0
45-49	36.05605657797624	40.0	36.0	41.0	28.6	41.0
50-54	35.74569084018171	39.2	35.0	41.0	27.6	41.0
55-59	35.3103356035575	39.0	34.6	40.6	26.6	41.0
60-64	34.86514957787631	38.4	34.0	40.0	26.0	41.0
65-69	34.27933590916118	37.8	33.8	40.0	25.0	41.0
70-74	33.55744763638543	36.6	33.0	39.4	23.4	41.0
75-79	32.67953437797871	35.4	32.0	38.6	21.8	40.2
80-84	31.874338350028943	35.0	32.0	37.0	20.2	39.0
85-89	31.16343962261708	35.0	31.8	36.0	18.6	37.4
90-94	30.510364814734412	34.8	31.0	35.0	12.0	36.4
95-99	29.904938441079707	34.0	31.0	35.0	2.0	36.0
100	29.534161508864024	34.0	31.0	35.0	2.0	35.0
>>END_MODULE
>>Per sequence quality scores	pass
#Quality	Count
2	1549976.0
3	174085.0
4	133270.0
5	116257.0
6	117091.0
7	119040.0
8	123600.0
9	141775.0
10	161099.0
11	176932.0
12	188811.0
13	199720.0
14	208577.0
15	217231.0
16	224467.0
17	232888.0
18	240169.0
19	248142.0
20	257407.0
21	270442.0
22	295958.0
23	339629.0
24	404291.0
25	490813.0
26	608584.0
27	759802.0
28	917262.0
29	1096766.0
30	1341110.0
31	1662314.0
32	2089171.0
33	2684200.0
34	3560563.0
35	4914510.0
36	7413555.0
37	1.251427E7
38	1.8662176E7
39	8500492.0
40	94892.0
>>END_MODULE
>>Per base sequence content	warn
#Base	G	A	T	C
1	18.013592973018223	31.29497507958583	31.17117921992382	19.520252727472133
2	20.364159321104015	32.4845142752065	29.28067822839943	17.870648175290054
3	20.411434903195758	31.169626195533134	29.58721111122292	18.831727790048188
4	20.791586719281153	29.51593057065645	29.48127814205704	20.21120456800536
5	21.009029198091316	29.510197971681794	29.759417139055884	19.721355691171006
6	21.040859973816087	29.834701554143063	28.83061896996995	20.293819502070903
7	21.01391704142525	29.99768257681551	29.295116297572715	19.693284084186526
8	20.30919425872169	30.423700739473496	29.34525439306036	19.921850608744453
9	20.396464496152834	29.88384476985459	29.716696852924297	20.002993881068278
10-14	20.295349885666777	30.167046353666503	29.6146173365052	19.922986424161518
15-19	20.26981116596385	29.907777934615787	29.785356387676003	20.03705451174436
20-24	20.518563143232956	29.74498795508659	29.572628173876662	20.163820727803788
25-29	20.5091818832408	29.896733622479708	29.331086611242313	20.262997883037176
30-34	20.764424695930632	29.635165632491972	29.29690500194358	20.303504669633817
35-39	20.577839612560012	29.60733214863151	29.3623899358428	20.452438302965678
40-44	20.95493295561005	29.475910252168603	29.18862396820555	20.380532824015795
45-49	20.800794103527515	29.442052567334194	29.171023651210177	20.586129677928117
50-54	20.723404048982765	29.533382517937746	29.240387978867165	20.50282545421232
55-59	20.63598830477359	29.63060112808376	29.278612550210724	20.45479801693192
60-64	20.578156583308957	29.838229252031624	29.076675687401575	20.50693847725784
65-69	20.613011093199628	29.785938796045876	29.062050323356743	20.538999787397756
70-74	20.744680995970704	29.634845880829435	29.06227652302369	20.55819660017617
75-79	20.782190376844508	29.568900216256534	29.08145637250863	20.567453034390333
80-84	20.81986862424325	29.593332246278248	29.086651248294565	20.500147881183935
85-89	20.78750356388491	29.564308314766848	29.09642966065714	20.5517584606911
90-94	20.755958290076226	29.540386187412093	29.10006456190139	20.603590960610287
95-99	20.792964535729634	29.557193709305874	29.0512787677107	20.598562987253796
100	20.830295846796634	29.52573781863886	29.0361242010898	20.60784213347471
>>END_MODULE
>>Per base GC content	pass
#Base	%GC
1	37.53384570049035
2	38.23480749639406
3	39.243162693243946
4	41.00279128728651
5	40.730384889262325
6	41.334679475886986
7	40.707201125611775
8	40.231044867466146
9	40.399458377221116
10-14	40.218336309828295
15-19	40.30686567770821
20-24	40.68238387103674
25-29	40.77217976627798
30-34	41.067929365564446
35-39	41.030277915525694
40-44	41.33546577962585
45-49	41.38692378145563
50-54	41.226229503195086
55-59	41.09078632170551
60-64	41.0850950605668
65-69	41.15201088059738
70-74	41.30287759614688
75-79	41.34964341123484
80-84	41.32001650542718
85-89	41.339262024576016
90-94	41.35954925068652
95-99	41.39152752298343
100	41.43813798027134
>>END_MODULE
>>Per sequence GC content	warn
#GC Content	Count
0	23786.0
1	14431.5
2	4906.0
3	5168.5
4	5735.0
5	5931.5
6	6455.5
7	7243.5
8	8009.5
9	9221.0
10	10690.0
11	12471.5
12	15233.5
13	18874.5
14	24144.5
15	32886.0
16	47117.0
17	68894.5
18	101873.0
19	149807.5
20	216626.5
21	303159.0
22	409705.5
23	536547.5
24	684024.0
25	853490.0
26	1040565.5
27	1238463.5
28	1442098.5
29	1644682.5
30	1843437.0
31	2036660.0
32	2220837.0
33	2393844.0
34	2554169.5
35	2705703.5
36	2838159.5
37	2925898.5
38	2960902.5
39	2940418.5
40	2862994.5
41	2738522.0
42	2581667.0
43	2413466.0
44	2256162.5
45	2122291.5
46	2012997.5
47	1928067.5
48	1855670.5
49	1780096.5
50	1690515.0
51	1585881.5
52	1473949.0
53	1363175.0
54	1265774.5
55	1179824.5
56	1096253.0
57	1009549.5
58	911545.0
59	803687.0
60	694039.5
61	587414.0
62	490609.0
63	409368.0
64	341148.0
65	283434.5
66	235171.5
67	193878.0
68	159039.5
69	130133.0
70	105638.0
71	85822.0
72	70079.0
73	57503.0
74	48216.0
75	40866.0
76	35027.5
77	30751.0
78	27110.5
79	23851.5
80	21041.5
81	18174.5
82	15677.0
83	13526.5
84	11216.0
85	9262.5
86	7545.0
87	5860.5
88	4426.0
89	3394.0
90	2574.5
91	1860.5
92	1395.0
93	1070.0
94	780.0
95	588.0
96	453.5
97	301.0
98	204.0
99	148.0
100	166.5
>>END_MODULE
>>Per base N content	pass
#Base	N-Count
1	0.15585012428024284
2	0.15316671499117843
3	0.15288898008759186
4	0.17158162825545298
5	0.17470750736640778
6	0.04177323552326896
7	0.03397487509315181
8	0.030961995967479804
9	0.04755121067435437
10-14	0.04034317305891927
15-19	0.047890210630202684
20-24	0.05052406329921537
25-29	0.05167394025788802
30-34	0.05013169467561904
35-39	0.049874109166998554
40-44	0.04483866644932549
45-49	0.050414603072507724
50-54	0.04451790986459511
55-59	0.03748604331055267
60-64	0.042918755856003
65-69	0.04174518974378914
70-74	0.04984987543521502
75-79	0.041621842771902166
80-84	0.033793530538457045
85-89	0.035187650838813186
90-94	0.04381921597969007
95-99	0.05023897658935738
100	0.03135136941074333
>>END_MODULE
>>Sequence Length Distribution	pass
#Length	Count
100	7.3451337E7
>>END_MODULE
>>Sequence Duplication Levels	pass
#Total Duplicate Percentage	6.320203684289338
#Duplication Level	Relative count
1	100.0
2	2.4204636290967225
3	0.4572342126298961
4	0.3170796695976552
5	0.2414068745003997
6	0.2035704769517719
7	0.15987210231814547
8	0.1529443112176925
9	0.1342925659472422
10++	2.4945377031707965
>>END_MODULE
>>Overrepresented sequences	pass
>>END_MODULE
>>Kmer Content	warn
#Sequence	Count	Obs/Exp Overall	Obs/Exp Max	Max Obs/Exp Position
CCCAG	12961005	3.5586312	3.928745	25-29
CTGGG	12758615	3.4605458	3.6358616	75-79
GGGGG	8932255	3.388732	6.4703054	40-44
AAAAA	52605340	3.2037537	4.4713306	60-64
GGAGG	12099805	3.183942	3.4011295	70-74
CCTCC	11208960	3.1722245	3.613423	70-74
CCAGG	11677725	3.1611857	3.4827251	25-29
CCTGG	11201900	3.0816638	3.2674963	70-74
>>END_MODULE
