##FastQC	0.10.1
>>Basic Statistics	pass
#Measure	Value	
Filename	TOV-112D_GCCAAT_L002_R1_001_subN1e6.fastq.gz	
File type	Conventional base calls	
Encoding	Sanger / Illumina 1.9	
Total Sequences	1000000	
Filtered Sequences	0	
Sequence length	100	
%GC	40	
>>END_MODULE
>>Per base sequence quality	pass
#Base	Mean	Median	Lower Quartile	Upper Quartile	10th Percentile	90th Percentile
1	32.202212	33.0	31.0	34.0	30.0	34.0
2	32.408273	34.0	31.0	34.0	30.0	34.0
3	32.461612	34.0	31.0	34.0	31.0	34.0
4	36.008484	37.0	35.0	37.0	35.0	37.0
5	35.828618	37.0	35.0	37.0	35.0	37.0
6	35.818048	37.0	35.0	37.0	35.0	37.0
7	35.825956	37.0	35.0	37.0	35.0	37.0
8	35.820747	37.0	35.0	37.0	35.0	37.0
9	37.503584	39.0	37.0	39.0	35.0	39.0
10-14	37.755909200000005	39.2	37.2	39.4	34.6	39.4
15-19	38.8270158	40.0	38.0	41.0	35.0	41.0
20-24	38.8041222	40.0	38.0	41.0	34.2	41.0
25-29	38.632125	40.0	38.0	41.0	34.0	41.0
30-34	38.454991799999995	40.0	38.0	41.0	34.0	41.0
35-39	38.306115399999996	40.0	38.0	41.0	34.0	41.0
40-44	38.122432399999994	40.0	38.0	41.0	33.0	41.0
45-49	37.944680000000005	40.0	37.6	41.0	33.0	41.0
50-54	37.732242600000006	40.0	37.0	41.0	32.6	41.0
55-59	37.4203774	40.0	36.6	41.0	31.8	41.0
60-64	36.972953399999994	39.0	35.6	41.0	31.0	41.0
65-69	36.409722200000004	38.4	35.0	40.2	30.6	41.0
70-74	35.635344599999996	37.2	34.4	39.8	29.6	41.0
75-79	34.7331648	36.0	34.0	38.8	29.0	40.4
80-84	33.8303698	35.0	33.8	37.0	29.0	39.0
85-89	33.0404412	35.0	33.0	36.0	27.8	37.6
90-94	32.6189318	35.0	33.0	35.4	28.2	36.4
95-99	32.1004564	35.0	33.0	35.0	27.0	36.0
100	31.799965	35.0	33.0	35.0	26.0	36.0
>>END_MODULE
>>Per sequence quality scores	pass
#Quality	Count
2	5.0
3	0.0
4	10.0
5	11.0
6	30.0
7	91.0
8	251.0
9	428.0
10	608.0
11	716.0
12	843.0
13	943.0
14	978.0
15	1076.0
16	1157.0
17	1301.0
18	1435.0
19	1607.0
20	1908.0
21	2169.0
22	2643.0
23	3020.0
24	3724.0
25	4905.0
26	6233.0
27	8304.0
28	11024.0
29	13361.0
30	16874.0
31	21502.0
32	27137.0
33	35021.0
34	46532.0
35	64163.0
36	99173.0
37	180045.0
38	294313.0
39	144295.0
40	2164.0
>>END_MODULE
>>Per base sequence content	warn
#Base	G	A	T	C
1	18.378560562949243	31.04651872180278	30.718078323633808	19.85684239161417
2	19.87101987101987	32.06203206203207	29.910029910029913	18.156918156918156
3	20.00344002408017	30.74351520460643	30.260311822182757	18.992732949130644
4	20.5564	29.4852	29.625600000000002	20.332800000000002
5	20.89312997721699	29.531662579332803	29.933492023945675	19.64171541950454
6	20.869699999999998	29.858400000000003	29.151	20.1209
7	20.6066	30.258499999999998	29.524800000000003	19.6101
8	20.0637	30.4287	29.6383	19.869300000000003
9	20.3932	29.7225	29.899700000000003	19.9846
10-14	19.93986	30.13666	29.80068	20.122799999999998
15-19	19.932887771818425	29.827921414932813	30.07098224133962	20.168208571909144
20-24	20.139056111244887	29.723323778659022	29.891223912979132	20.246396197116958
25-29	20.28648458375334	29.569233107729726	29.695455127282038	20.4488271812349
30-34	20.418075886883702	29.47806016628632	29.652066778537584	20.451797168292394
35-39	20.389668753958798	29.529160255755123	29.590681006308277	20.490489983977806
40-44	20.416209314307476	29.429084249904797	29.642853142690733	20.511853293096994
45-49	20.5643271643052	29.376558733176083	29.595873953652386	20.463240148866333
50-54	20.521601111690895	29.3096872349349	29.4991890920531	20.669522561321102
55-59	20.540846812403423	29.261912161943243	29.667194269410203	20.530046756243134
60-64	20.52648	29.3251	29.586180000000002	20.562240000000003
65-69	20.465980000000002	29.68282	29.32818	20.52302
70-74	20.52704	29.6565	29.31962	20.49684
75-79	20.593	29.499399999999998	29.363840000000003	20.54376
80-84	20.65476	29.467660000000002	29.328979999999998	20.5486
85-89	20.58112	29.4184	29.384539999999998	20.61594
90-94	20.58278823311529	29.359811743924695	29.396811758724706	20.660588264235304
95-99	20.616853603819372	29.387216406762658	29.35943633453447	20.636493654883502
100	20.7206	29.3757	29.2674	20.6363
>>END_MODULE
>>Per base GC content	pass
#Base	%GC
1	38.23540295456341
2	38.02793802793803
3	38.99617297321081
4	40.889199999999995
5	40.53484539672153
6	40.9906
7	40.2167
8	39.933
9	40.3778
10-14	40.06266
15-19	40.10109634372757
20-24	40.38545230836185
25-29	40.73531176498824
30-34	40.8698730551761
35-39	40.8801587379366
40-44	40.92806260740447
45-49	41.02756731317154
50-54	41.191123673012
55-59	41.070893568646554
60-64	41.08872
65-69	40.989
70-74	41.02388
75-79	41.13676
80-84	41.20336
85-89	41.19706
90-94	41.243376497350596
95-99	41.253347258702874
100	41.3569
>>END_MODULE
>>Per sequence GC content	warn
#GC Content	Count
0	54.0
1	50.0
2	48.0
3	61.0
4	61.0
5	55.5
6	69.5
7	78.0
8	82.5
9	92.5
10	110.0
11	134.0
12	180.0
13	224.0
14	276.5
15	399.0
16	611.5
17	908.0
18	1325.5
19	1958.5
20	2928.5
21	4206.5
22	5632.0
23	7301.5
24	9383.0
25	11866.5
26	14456.5
27	17170.0
28	20048.0
29	22727.0
30	25323.5
31	27948.5
32	30547.0
33	32939.5
34	35041.0
35	37160.5
36	39019.0
37	40124.0
38	40650.5
39	40425.0
40	39347.5
41	37747.0
42	35695.0
43	33313.5
44	31065.0
45	29148.5
46	27512.0
47	26336.0
48	25399.0
49	24351.0
50	22957.0
51	21350.5
52	19683.0
53	18171.0
54	16814.5
55	15561.0
56	14395.0
57	13190.0
58	11936.0
59	10533.0
60	9138.0
61	7716.0
62	6413.5
63	5360.5
64	4409.0
65	3662.0
66	3056.5
67	2526.5
68	2076.5
69	1660.5
70	1303.0
71	1050.5
72	885.5
73	707.0
74	581.0
75	493.0
76	437.0
77	404.0
78	336.5
79	286.5
80	258.5
81	231.0
82	199.5
83	162.5
84	127.5
85	103.0
86	78.5
87	46.5
88	37.0
89	32.5
90	19.5
91	17.0
92	10.5
93	5.5
94	6.0
95	3.0
96	1.5
97	1.0
98	0.0
99	0.0
100	0.5
>>END_MODULE
>>Per base N content	pass
#Base	N-Count
1	0.0123
2	9.999999999999999E-5
3	7.0E-4
4	0.0
5	0.0571
6	0.0
7	0.0
8	0.0
9	0.0
10-14	0.0
15-19	3.4E-4
20-24	7.999999999999999E-5
25-29	0.0015999999999999999
30-34	0.0038000000000000004
35-39	0.00122
40-44	0.0041600000000000005
45-49	0.006940000000000001
50-54	9.8E-4
55-59	5.200000000000001E-4
60-64	0.0
65-69	0.0
70-74	0.0
75-79	0.0
80-84	0.0
85-89	0.0
90-94	3.9999999999999996E-5
95-99	2.6000000000000003E-4
100	0.0
>>END_MODULE
>>Sequence Length Distribution	pass
#Length	Count
100	1000000.0
>>END_MODULE
>>Sequence Duplication Levels	pass
#Total Duplicate Percentage	1.4440002386777313
#Duplication Level	Relative count
1	100.0
2	0.6715303424754293
3	0.15943169663578938
4	0.039857924158947344
5	0.013117797824463684
6	0.007063429597788137
7	0.001009061371112591
8	5.045306855562955E-4
9	0.0015135920566688866
10++	0.012108736453351093
>>END_MODULE
>>Overrepresented sequences	warn
#Sequence	Count	Percentage	Possible Source
GATCGGAAGAGCACACGTCTGAACTCCAGTCACGCCAATATCTCGTATGC	3891	0.3891	TruSeq Adapter, Index 6 (100% over 50bp)
>>END_MODULE
>>Kmer Content	warn
#Sequence	Count	Obs/Exp Overall	Obs/Exp Max	Max Obs/Exp Position
CCCAG	174805	3.5543332	3.9684896	25-29
CTGGG	171500	3.4857461	3.8065736	90-94
CCAGG	159280	3.2369242	3.527388	25-29
CCTCC	153680	3.1285858	3.6329134	70-74
GGAGG	152670	3.099266	3.5038035	70-74
CCTGG	149480	3.0398192	3.3166785	90-94
GGAAG	143465	2.0066426	7.83855	5
AAGAG	158890	1.5312266	5.573716	7
GAAGA	156680	1.5099288	5.781863	6
AGAGC	102590	1.4356947	7.4692464	8
GAGCA	99540	1.3930116	7.5565667	9
CGGAA	24270	0.33964625	6.5524306	4
GATCG	18810	0.2634143	6.3425813	1
TCGGA	17570	0.24604936	6.341692	3
ATCGG	15320	0.21454045	6.3416915	2
>>END_MODULE
