##FastQC	0.10.1
>>Basic Statistics	pass
#Measure	Value	
Filename	Z38_CTTGTA_L002_R2_001_subN1e6.fastq.gz	
File type	Conventional base calls	
Encoding	Sanger / Illumina 1.9	
Total Sequences	1000000	
Filtered Sequences	0	
Sequence length	100	
%GC	40	
>>END_MODULE
>>Per base sequence quality	pass
#Base	Mean	Median	Lower Quartile	Upper Quartile	10th Percentile	90th Percentile
1	31.233206	31.0	31.0	34.0	28.0	34.0
2	31.431342	33.0	31.0	34.0	28.0	34.0
3	31.439265	34.0	31.0	34.0	28.0	34.0
4	34.906275	37.0	35.0	37.0	32.0	37.0
5	34.86059	37.0	35.0	37.0	32.0	37.0
6	34.904082	37.0	35.0	37.0	32.0	37.0
7	34.884325	37.0	35.0	37.0	32.0	37.0
8	34.887019	37.0	35.0	37.0	32.0	37.0
9	36.462051	39.0	37.0	39.0	32.0	39.0
10-14	36.6966964	39.2	37.2	39.4	32.0	39.4
15-19	37.6664186	40.0	38.0	41.0	32.0	41.0
20-24	37.59498080000001	40.0	38.0	41.0	32.0	41.0
25-29	37.4759878	40.0	38.0	41.0	32.0	41.0
30-34	37.3270798	40.0	37.8	41.0	31.4	41.0
35-39	37.150071399999995	40.0	37.0	41.0	31.0	41.0
40-44	36.9142934	40.0	37.0	41.0	30.0	41.0
45-49	36.662605	40.0	36.6	41.0	30.0	41.0
50-54	36.3852254	40.0	36.0	41.0	29.6	41.0
55-59	35.9761106	39.0	35.4	41.0	28.4	41.0
60-64	35.556805999999995	39.0	34.8	40.4	28.0	41.0
65-69	34.9866594	38.0	34.0	40.0	27.0	41.0
70-74	34.271266	36.8	34.0	39.6	26.0	41.0
75-79	33.3924266	35.8	33.0	38.8	25.8	40.2
80-84	32.5796866	35.0	32.8	37.0	25.0	39.0
85-89	31.860380799999994	35.0	32.2	36.0	24.2	37.6
90-94	31.215110200000005	35.0	32.0	35.2	22.0	36.4
95-99	30.634375999999996	35.0	32.0	35.0	15.6	36.0
100	30.286633	35.0	32.0	35.0	2.0	36.0
>>END_MODULE
>>Per sequence quality scores	pass
#Quality	Count
2	14175.0
3	1889.0
4	1370.0
5	1271.0
6	1264.0
7	1341.0
8	1337.0
9	1613.0
10	1857.0
11	1974.0
12	2097.0
13	2297.0
14	2457.0
15	2480.0
16	2587.0
17	2622.0
18	2726.0
19	2901.0
20	3044.0
21	3122.0
22	3499.0
23	3841.0
24	4739.0
25	5934.0
26	7374.0
27	9303.0
28	11332.0
29	13511.0
30	17000.0
31	21097.0
32	26614.0
33	34957.0
34	46402.0
35	65249.0
36	99479.0
37	172643.0
38	270529.0
39	130515.0
40	1558.0
>>END_MODULE
>>Per base sequence content	warn
#Base	G	A	T	C
1	17.759106110336003	31.579500872876526	30.725854672819036	19.935538343968435
2	20.57243700879278	32.33296575734175	29.214178617894238	17.880418615971227
3	20.564256855152905	31.01028999064546	29.261872950565177	19.163580203636453
4	20.637149915152193	29.46082074974606	29.572415147186398	20.32961418791535
5	20.732231426484834	29.657316253409853	29.7713204348989	19.839131885206402
6	20.709133292647543	30.014006583094055	28.917091032785407	20.359769091472995
7	20.795602328884975	30.0200076028891	29.378063664192393	19.806326404033534
8	20.197949084230395	30.27216498557997	29.538709009444297	19.99117692074534
9	20.15622311069489	29.93342458187756	29.879595945042762	20.03075636238479
10-14	20.11996960241836	30.21447982958786	29.724620960645215	19.94092960734856
15-19	20.090195930117265	30.023694591305823	29.866771202216857	20.019338276360056
20-24	20.248117705326457	29.87305954804917	29.70056381291617	20.178258933708207
25-29	20.32136285546476	29.87265754214148	29.530362776419782	20.27561682597398
30-34	20.462824589952668	29.750453651504394	29.49028941645248	20.296432342090455
35-39	20.438345616103597	29.755020967557318	29.49679863540784	20.30983478093125
40-44	20.53777245601004	29.74316778936045	29.434853879056426	20.284205875573086
45-49	20.489730150938495	29.695683643703745	29.391633436397697	20.422952768960066
50-54	20.429692697885454	29.77850035767705	29.447396461248314	20.34441048318918
55-59	20.476250882368475	29.75466554833298	29.44661690722046	20.322466662078085
60-64	20.39986545625317	29.810164055729604	29.37899977009107	20.41097071792615
65-69	20.44924161613809	29.79786368319458	29.342211075687917	20.410683624979413
70-74	20.502166986641885	29.72803907419703	29.362799068770055	20.406994870391028
75-79	20.519895047742953	29.68759035404479	29.397577005907316	20.39493759230494
80-84	20.53943158147885	29.755069563253173	29.35928019234459	20.346218662923388
85-89	20.540971739529724	29.71979225315056	29.38958056472921	20.349655442590507
90-94	20.48722957313986	29.699881662298537	29.38468797385605	20.428200790705546
95-99	20.504831474704396	29.72495573549517	29.34186365571981	20.42834913408063
100	20.576963668174866	29.61165291347846	29.392075402617124	20.419308015729555
>>END_MODULE
>>Per base GC content	pass
#Base	%GC
1	37.69464445430444
2	38.452855624764005
3	39.727837058789355
4	40.96676410306755
5	40.571363311691236
6	41.068902384120534
7	40.60192873291851
8	40.18912600497574
9	40.186979473079674
10-14	40.06089920976692
15-19	40.10953420647732
20-24	40.426376639034665
25-29	40.59697968143874
30-34	40.75925693204312
35-39	40.748180397034844
40-44	40.821978331583125
45-49	40.91268291989856
50-54	40.774103181074636
55-59	40.79871754444656
60-64	40.81083617417933
65-69	40.85992524111751
70-74	40.90916185703291
75-79	40.91483264004789
80-84	40.885650244402235
85-89	40.890627182120234
90-94	40.91543036384541
95-99	40.93318060878502
100	40.99627168390442
>>END_MODULE
>>Per sequence GC content	warn
#GC Content	Count
0	357.0
1	212.0
2	61.5
3	63.5
4	74.0
5	74.0
6	85.0
7	91.0
8	95.5
9	114.0
10	135.5
11	162.0
12	203.5
13	250.5
14	303.5
15	438.0
16	637.5
17	964.0
18	1405.0
19	2035.0
20	2951.0
21	4081.5
22	5558.0
23	7415.5
24	9604.0
25	11916.5
26	14448.0
27	17202.0
28	20142.0
29	23124.0
30	25925.5
31	28497.5
32	30969.0
33	33332.0
34	35560.5
35	37643.0
36	39460.5
37	40730.0
38	41277.5
39	41125.5
40	39874.0
41	37935.0
42	35649.5
43	33292.5
44	31084.5
45	28991.0
46	27373.5
47	26107.5
48	24820.5
49	23814.5
50	22547.0
51	20884.5
52	19241.5
53	17541.0
54	16358.0
55	15362.0
56	14042.5
57	12745.0
58	11659.0
59	10314.0
60	8779.5
61	7377.0
62	6158.5
63	5105.0
64	4204.5
65	3509.5
66	2897.0
67	2386.0
68	1961.5
69	1591.0
70	1292.5
71	1071.0
72	855.5
73	681.0
74	583.5
75	508.5
76	424.5
77	376.5
78	351.0
79	309.0
80	257.5
81	216.5
82	186.0
83	157.5
84	127.5
85	99.5
86	79.5
87	66.5
88	52.5
89	42.5
90	31.0
91	22.5
92	14.5
93	12.5
94	13.0
95	5.5
96	1.5
97	1.5
98	2.0
99	2.0
100	1.5
>>END_MODULE
>>Per base N content	pass
#Base	N-Count
1	0.1577
2	0.1567
3	0.1554
4	0.1742
5	0.1791
6	0.047
7	0.038
8	0.0349
9	0.053200000000000004
10-14	0.044680000000000004
15-19	0.05314
20-24	0.05550000000000001
25-29	0.05689999999999999
30-34	0.05544
35-39	0.055119999999999995
40-44	0.04992
45-49	0.055979999999999995
50-54	0.0495
55-59	0.04176
60-64	0.047380000000000005
65-69	0.04666
70-74	0.054759999999999996
75-79	0.04598
80-84	0.03774
85-89	0.03988
90-94	0.04876
95-99	0.05536
100	0.0353
>>END_MODULE
>>Sequence Length Distribution	pass
#Length	Count
100	1000000.0
>>END_MODULE
>>Sequence Duplication Levels	pass
#Total Duplicate Percentage	0.9969348123446223
#Duplication Level	Relative count
1	100.0
2	0.6585416277979195
3	0.13513717936435102
4	0.02975034918842056
5	0.009580620925084587
6	0.006050918479000792
7	0.002016972826333597
8	0.0025212160329169966
9	0.001512729619750198
10++	0.0035297024460837953
>>END_MODULE
>>Overrepresented sequences	pass
>>END_MODULE
>>Kmer Content	warn
#Sequence	Count	Obs/Exp Overall	Obs/Exp Max	Max Obs/Exp Position
CTGGG	170495	3.5051968	3.8141475	95-96
CCCAG	170310	3.502432	3.8397193	25-29
GGAGG	155345	3.1328852	3.4305606	3
CCTCC	149235	3.1286278	3.5258667	3
CCAGG	152645	3.1187797	3.3929005	8
CCTGG	150135	3.106778	3.311213	3
GGGGG	103425	3.0531907	4.1597757	75-79
AAAAA	687135	3.0183148	3.8268306	1
>>END_MODULE
