##FastQC	0.10.1
>>Basic Statistics	pass
#Measure	Value	
Filename	TOV-112D_GCCAAT_L002_R2_001_subN1e6.fastq.gz	
File type	Conventional base calls	
Encoding	Sanger / Illumina 1.9	
Total Sequences	1000000	
Filtered Sequences	0	
Sequence length	100	
%GC	40	
>>END_MODULE
>>Per base sequence quality	pass
#Base	Mean	Median	Lower Quartile	Upper Quartile	10th Percentile	90th Percentile
1	30.799845	31.0	31.0	34.0	27.0	34.0
2	31.025969	33.0	31.0	34.0	27.0	34.0
3	31.060699	33.0	31.0	34.0	27.0	34.0
4	34.504227	37.0	35.0	37.0	32.0	37.0
5	34.476182	37.0	35.0	37.0	32.0	37.0
6	34.518192	37.0	35.0	37.0	32.0	37.0
7	34.508408	37.0	35.0	37.0	31.0	37.0
8	34.509244	37.0	35.0	37.0	31.0	37.0
9	36.008546	39.0	37.0	39.0	31.0	39.0
10-14	36.2299222	39.2	37.0	39.4	31.0	39.4
15-19	37.141086599999994	40.0	37.0	41.0	31.0	41.0
20-24	37.061643600000004	40.0	37.0	41.0	31.0	41.0
25-29	36.9124018	40.0	37.0	41.0	30.2	41.0
30-34	36.742073999999995	40.0	37.0	41.0	30.0	41.0
35-39	36.555153000000004	40.0	37.0	41.0	30.0	41.0
40-44	36.3114568	40.0	36.0	41.0	29.4	41.0
45-49	36.048031599999995	40.0	36.0	41.0	28.6	41.0
50-54	35.734173999999996	39.2	35.0	41.0	27.6	41.0
55-59	35.299636	39.0	34.6	40.6	26.6	41.0
60-64	34.8527554	38.4	34.0	40.0	26.0	41.0
65-69	34.2704704	37.8	33.8	40.0	24.8	41.0
70-74	33.547493200000005	36.6	33.0	39.4	23.4	41.0
75-79	32.67400859999999	35.4	32.0	38.6	21.8	40.2
80-84	31.865474	35.0	32.0	37.0	20.2	39.0
85-89	31.1546496	35.0	31.6	36.0	18.6	37.4
90-94	30.504938799999998	34.8	31.0	35.0	11.6	36.4
95-99	29.9024286	34.0	31.0	35.0	2.0	36.0
100	29.530572	34.0	31.0	35.0	2.0	35.0
>>END_MODULE
>>Per sequence quality scores	pass
#Quality	Count
2	21341.0
3	2375.0
4	1784.0
5	1485.0
6	1625.0
7	1577.0
8	1705.0
9	1907.0
10	2217.0
11	2361.0
12	2584.0
13	2690.0
14	2865.0
15	3003.0
16	3018.0
17	3115.0
18	3345.0
19	3430.0
20	3559.0
21	3644.0
22	4013.0
23	4543.0
24	5535.0
25	6634.0
26	8235.0
27	10462.0
28	12463.0
29	15066.0
30	18131.0
31	22740.0
32	28652.0
33	36743.0
34	48357.0
35	66848.0
36	100944.0
37	170455.0
38	253902.0
39	115407.0
40	1240.0
>>END_MODULE
>>Per base sequence content	warn
#Base	G	A	T	C
1	18.031855861342265	31.270007572327753	31.17815804129122	19.519978525038763
2	20.393550073667942	32.43713184808879	29.262449181139004	17.906868897104264
3	20.38677613438207	31.14130810380937	29.617080008453467	18.854835753355097
4	20.78052181718366	29.53865141794663	29.438972394420375	20.241854370449328
5	21.014425239510672	29.505169904055478	29.77886776045627	19.701537095977585
6	21.112951891602037	29.834749933972006	28.75819347403299	20.294104700392968
7	20.98161276672792	29.95905612002469	29.335344681847147	19.723986431400245
8	20.341488934970258	30.33307625132417	29.373270073153336	19.952164740552234
9	20.365017763650897	29.933177457421767	29.752289364920713	19.949515414006623
10-14	20.303723919359097	30.177652482212743	29.592433712954886	19.92618988547327
15-19	20.280993068418773	29.944006686461655	29.73092274411458	20.04407750100499
20-24	20.515796936522705	29.78238853738339	29.534139100126804	20.1676754259671
25-29	20.546030747397445	29.894156865876198	29.288850121295475	20.27096226543088
30-34	20.78488939243529	29.65284446465923	29.26770750561837	20.294558637287107
35-39	20.583495800142114	29.624781212587024	29.342336092284217	20.44938689498664
40-44	20.993189689049956	29.438207373128044	29.175067170683565	20.39353576713843
45-49	20.832603788324626	29.431203021887153	29.1628838715758	20.573309318212424
50-54	20.754337564049003	29.537274477883585	29.199101353092683	20.509286604974733
55-59	20.647201807246393	29.64635968740928	29.253790589665957	20.452647915678373
60-64	20.59514712705912	29.851637402925235	29.06725588321155	20.485959586804096
65-69	20.639694718805	29.780743210526694	29.061878987187377	20.51768308348093
70-74	20.73460635539871	29.635402200961607	29.06497150948123	20.565019934158446
75-79	20.804162713334858	29.586962028406365	29.04707462783324	20.561800630425537
80-84	20.866451286598473	29.587423393892635	29.034715030882523	20.511410288626365
85-89	20.799353689008452	29.55900438816833	29.111684516046033	20.529957406777182
90-94	20.78686937000028	29.54851954267695	29.05916226804701	20.60544881927576
95-99	20.7879899724338	29.55304572915966	29.042182532440712	20.616781765965825
100	20.838530845463087	29.477721303981184	29.059286149426267	20.624461701129466
>>END_MODULE
>>Per base GC content	pass
#Base	%GC
1	37.551834386381024
2	38.300418970772206
3	39.241611887737164
4	41.022376187632986
5	40.71596233548826
6	41.40705659199501
7	40.70559919812817
8	40.29365367552249
9	40.314533177657516
10-14	40.22991380483237
15-19	40.325070569423765
20-24	40.6834723624898
25-29	40.81699301282832
30-34	41.0794480297224
35-39	41.032882695128755
40-44	41.38672545618839
45-49	41.40591310653705
50-54	41.263624169023736
55-59	41.099849722924766
60-64	41.081106713863214
65-69	41.15737780228593
70-74	41.29962628955715
75-79	41.36596334376039
80-84	41.37786157522484
85-89	41.329311095785634
90-94	41.39231818927604
95-99	41.404771738399624
100	41.462992546592545
>>END_MODULE
>>Per sequence GC content	warn
#GC Content	Count
0	351.0
1	204.0
2	63.0
3	67.0
4	71.5
5	76.5
6	83.0
7	101.0
8	113.0
9	137.5
10	156.0
11	165.0
12	196.0
13	240.0
14	328.0
15	462.0
16	646.5
17	944.5
18	1370.5
19	2039.0
20	2989.0
21	4130.0
22	5588.0
23	7273.5
24	9187.0
25	11664.0
26	14195.5
27	16763.5
28	19537.0
29	22253.0
30	25148.5
31	27924.0
32	30343.5
33	32521.0
34	34572.5
35	36714.5
36	38469.5
37	39749.5
38	40464.5
39	40051.5
40	39009.0
41	37358.0
42	35105.5
43	32739.0
44	30626.0
45	28893.0
46	27490.0
47	26407.0
48	25322.5
49	24114.0
50	22858.5
51	21629.0
52	20200.5
53	18648.0
54	17204.5
55	15983.5
56	14928.0
57	13815.5
58	12446.0
59	10859.0
60	9404.0
61	8028.5
62	6755.5
63	5660.5
64	4690.0
65	3880.0
66	3226.5
67	2683.5
68	2207.5
69	1774.0
70	1434.5
71	1166.0
72	948.0
73	797.0
74	660.0
75	551.0
76	488.0
77	442.5
78	378.0
79	305.0
80	278.0
81	276.0
82	235.0
83	186.0
84	155.0
85	135.0
86	112.0
87	84.5
88	60.5
89	41.0
90	32.0
91	27.5
92	21.5
93	18.5
94	13.0
95	8.5
96	7.5
97	4.0
98	3.0
99	2.5
100	2.0
>>END_MODULE
>>Per base N content	pass
#Base	N-Count
1	0.1628
2	0.1601
3	0.1593
4	0.1796
5	0.1819
6	0.0424
7	0.0339
8	0.0319
9	0.0487
10-14	0.0408
15-19	0.04878
20-24	0.05214
25-29	0.05398
30-34	0.05114
35-39	0.05138
40-44	0.04568
45-49	0.05186
50-54	0.04528
55-59	0.03798
60-64	0.04354
65-69	0.042319999999999997
70-74	0.050960000000000005
75-79	0.04212
80-84	0.03408
85-89	0.03574
90-94	0.0444
95-99	0.051519999999999996
100	0.0323
>>END_MODULE
>>Sequence Length Distribution	pass
#Length	Count
100	1000000.0
>>END_MODULE
>>Sequence Duplication Levels	pass
#Total Duplicate Percentage	0.9585621567648486
#Duplication Level	Relative count
1	100.0
2	0.6134690997076319
3	0.14517592499243875
4	0.03780623046678092
5	0.008569412239137009
6	0.004536747656013711
7	0.0
8	0.0
9	0.0
10++	0.007057163020465773
>>END_MODULE
>>Overrepresented sequences	pass
>>END_MODULE
>>Kmer Content	warn
#Sequence	Count	Obs/Exp Overall	Obs/Exp Max	Max Obs/Exp Position
CCCAG	176140	3.552683	3.812389	25-29
CTGGG	175130	3.4811585	3.7796354	75-79
GGGGG	123650	3.4253633	6.589559	40-44
AAAAA	720300	3.2171273	4.4695196	60-64
CCTCC	153100	3.1918015	3.5907147	70-74
GGAGG	164515	3.1637812	3.3739336	95-96
CCAGG	157560	3.1278455	3.544364	9
CCTGG	153815	3.1064262	3.377626	3
>>END_MODULE
