##FastQC	0.10.1
>>Basic Statistics	pass
#Measure	Value	
Filename	Z38_CTTGTA_L002_R1_001_subN1e6.fastq.gz	
File type	Conventional base calls	
Encoding	Sanger / Illumina 1.9	
Total Sequences	1000000	
Filtered Sequences	0	
Sequence length	100	
%GC	40	
>>END_MODULE
>>Per base sequence quality	pass
#Base	Mean	Median	Lower Quartile	Upper Quartile	10th Percentile	90th Percentile
1	32.245256	33.0	31.0	34.0	30.0	34.0
2	32.45109	34.0	31.0	34.0	31.0	34.0
3	32.503962	34.0	31.0	34.0	31.0	34.0
4	36.037316	37.0	35.0	37.0	35.0	37.0
5	35.858694	37.0	35.0	37.0	35.0	37.0
6	35.852759	37.0	35.0	37.0	35.0	37.0
7	35.856448	37.0	35.0	37.0	35.0	37.0
8	35.847442	37.0	35.0	37.0	35.0	37.0
9	37.54583	39.0	37.0	39.0	35.0	39.0
10-14	37.8003408	39.2	37.2	39.4	35.0	39.4
15-19	38.878654	40.0	38.0	41.0	35.0	41.0
20-24	38.856983799999995	40.0	38.0	41.0	34.6	41.0
25-29	38.6915286	40.0	38.0	41.0	34.0	41.0
30-34	38.5290174	40.0	38.0	41.0	34.0	41.0
35-39	38.387654	40.0	38.0	41.0	34.0	41.0
40-44	38.2156046	40.0	38.0	41.0	33.2	41.0
45-49	38.045641	40.0	38.0	41.0	33.0	41.0
50-54	37.846601799999995	40.0	37.0	41.0	33.0	41.0
55-59	37.5523616	40.0	36.8	41.0	32.2	41.0
60-64	37.1197654	39.2	35.8	41.0	31.2	41.0
65-69	36.5797862	38.6	35.0	40.4	31.0	41.0
70-74	35.8460436	37.4	34.6	39.8	30.0	41.0
75-79	34.978972	36.2	34.0	39.0	29.2	40.4
80-84	34.0594202	35.2	34.0	37.2	29.0	39.0
85-89	33.258304599999995	35.0	33.2	36.2	29.0	37.6
90-94	32.8273496	35.0	33.0	35.4	29.0	36.6
95-99	32.30633220000001	35.0	33.0	35.0	28.2	36.0
100	32.01233	35.0	33.0	35.0	27.0	36.0
>>END_MODULE
>>Per sequence quality scores	pass
#Quality	Count
2	5.0
3	1.0
4	5.0
5	12.0
6	33.0
7	97.0
8	223.0
9	368.0
10	509.0
11	678.0
12	702.0
13	835.0
14	851.0
15	954.0
16	1021.0
17	1207.0
18	1324.0
19	1435.0
20	1674.0
21	1956.0
22	2245.0
23	2772.0
24	3354.0
25	4435.0
26	5699.0
27	7636.0
28	10168.0
29	12891.0
30	16665.0
31	21022.0
32	26651.0
33	33841.0
34	45140.0
35	62853.0
36	96098.0
37	177753.0
38	300100.0
39	154562.0
40	2225.0
>>END_MODULE
>>Per base sequence content	warn
#Base	G	A	T	C
1	18.197047586662134	31.356289880583283	30.17802492348929	20.268637609265298
2	20.103520103520104	31.757231757231757	29.81092981092981	18.32831832831833
3	20.131120786724722	30.725184351106105	29.925179551077306	19.218515311091867
4	20.4937	29.5107	29.758499999999998	20.237099999999998
5	20.569763055652555	29.540149264633047	30.169205939767846	19.72088173994655
6	20.4542	29.9065	29.3112	20.3281
7	20.5133	30.0787	29.6947	19.7133
8	20.0389	30.1652	29.767500000000002	20.028399999999998
9	20.039	29.8403	30.0655	20.0552
10-14	19.909399999999998	30.1469	29.94414	19.99956
15-19	19.876079876079878	29.98910998910999	30.05397005397005	20.080840080840083
20-24	20.008176006540808	29.82572386057909	30.008604006883203	20.1574961259969
25-29	20.159074322485107	29.753474400726247	29.821915399964837	20.2655358768238
30-34	20.26259782115851	29.693910552254653	29.746832531536683	20.296659095050153
35-39	20.298475462315363	29.66566412170381	29.75860519982032	20.27725521616051
40-44	20.326173373108297	29.663896219745013	29.70917807630113	20.300752330845565
45-49	20.37930171665639	29.590806256664205	29.707634177597242	20.322257849082167
50-54	20.323866979576213	29.60147233354547	29.704833284466215	20.369827402412103
55-59	20.383534147791227	29.54590545707056	29.71380639731582	20.356753997822388
60-64	20.32992	29.607899999999997	29.691499999999998	20.37068
65-69	20.31166	29.679	29.64486	20.36448
70-74	20.384140000000002	29.666880000000003	29.59468	20.3543
75-79	20.38184	29.6193	29.60408	20.39478
80-84	20.43528	29.6339	29.574299999999997	20.35652
85-89	20.42416	29.60812	29.55392	20.4138
90-94	20.352424070484815	29.607425921485188	29.614785922957182	20.425364085072818
95-99	20.377956680322022	29.62377332279198	29.551873193371748	20.446396803514247
100	20.3657	29.634500000000003	29.5343	20.4655
>>END_MODULE
>>Per base GC content	pass
#Base	%GC
1	38.46568519592743
2	38.431838431838436
3	39.349636097816585
4	40.7308
5	40.29064479559911
6	40.7823
7	40.226600000000005
8	40.0673
9	40.0942
10-14	39.90896
15-19	39.956919956919954
20-24	40.16567213253771
25-29	40.42461019930891
30-34	40.55925691620866
35-39	40.57573067847587
40-44	40.626925703953866
45-49	40.70155956573856
50-54	40.693694381988315
55-59	40.74028814561362
60-64	40.700599999999994
65-69	40.67614
70-74	40.73844
75-79	40.77662
80-84	40.7918
85-89	40.83796
90-94	40.77778815555763
95-99	40.824353483836276
100	40.8312
>>END_MODULE
>>Per sequence GC content	warn
#GC Content	Count
0	72.0
1	59.5
2	48.0
3	49.0
4	55.5
5	62.5
6	60.5
7	64.0
8	71.5
9	84.5
10	110.0
11	133.0
12	166.0
13	208.0
14	284.5
15	398.5
16	571.0
17	863.5
18	1327.0
19	2032.5
20	2987.0
21	4189.5
22	5715.5
23	7525.0
24	9588.5
25	12057.0
26	14688.5
27	17581.0
28	20617.0
29	23280.0
30	25967.5
31	28734.5
32	31367.5
33	33866.0
34	36182.5
35	38176.0
36	40005.0
37	41357.5
38	41742.0
39	41164.5
40	39934.0
41	38173.0
42	35803.0
43	33276.0
44	31010.0
45	28965.5
46	27236.0
47	26038.5
48	24861.0
49	23562.0
50	22245.5
51	20674.5
52	18975.0
53	17471.5
54	16173.5
55	14902.0
56	13677.5
57	12550.0
58	11303.5
59	9931.0
60	8559.5
61	7173.0
62	6009.0
63	5024.0
64	4087.0
65	3390.5
66	2830.5
67	2317.0
68	1886.0
69	1499.0
70	1191.0
71	968.5
72	780.5
73	634.0
74	517.0
75	432.0
76	374.5
77	353.5
78	325.0
79	255.5
80	224.0
81	209.5
82	177.0
83	141.5
84	107.5
85	87.5
86	64.5
87	44.0
88	28.5
89	20.0
90	12.5
91	11.0
92	9.0
93	4.5
94	4.5
95	3.0
96	1.0
97	1.0
98	1.0
99	0.5
100	0.5
>>END_MODULE
>>Per base N content	pass
#Base	N-Count
1	0.013999999999999999
2	9.999999999999999E-5
3	6.000000000000001E-4
4	0.0
5	0.0567
6	0.0
7	0.0
8	0.0
9	0.0
10-14	0.0
15-19	9.999999999999999E-5
20-24	7.999999999999999E-5
25-29	0.0014600000000000001
30-34	0.0037400000000000003
35-39	0.00116
40-44	0.0041
45-49	0.00678
50-54	9.2E-4
55-59	5.6E-4
60-64	0.0
65-69	0.0
70-74	0.0
75-79	0.0
80-84	0.0
85-89	0.0
90-94	1.9999999999999998E-5
95-99	1.7999999999999998E-4
100	0.0
>>END_MODULE
>>Sequence Length Distribution	pass
#Length	Count
100	1000000.0
>>END_MODULE
>>Sequence Duplication Levels	pass
#Total Duplicate Percentage	1.1853942670204094
#Duplication Level	Relative count
1	100.0
2	0.7237051280110222
3	0.1488793673383902
4	0.0383553624329412
5	0.010598192251207436
6	0.0030280549289164104
7	0.0030280549289164104
8	0.0010093516429721368
9	0.0010093516429721368
10++	0.005551434036346753
>>END_MODULE
>>Overrepresented sequences	warn
#Sequence	Count	Percentage	Possible Source
GATCGGAAGAGCACACGTCTGAACTCCAGTCACCTTGTAATCTCGTATGC	1053	0.10529999999999999	TruSeq Adapter, Index 12 (100% over 50bp)
>>END_MODULE
>>Kmer Content	warn
#Sequence	Count	Obs/Exp Overall	Obs/Exp Max	Max Obs/Exp Position
CCCAG	168665	3.511608	3.8236623	25-29
CTGGG	167645	3.493641	3.7428796	75-79
CCAGG	153240	3.1932883	3.5206518	9
GGAGG	147300	3.0749536	3.5387752	2
CCTCC	147830	3.072526	3.4616	70-74
CCTGG	147435	3.0697522	3.3495774	3
>>END_MODULE
